f(-0.889160069272859) = -12.872628846869882
f(-0.8561029711395651) = -12.358360817530986
f(-0.8212951850355155) = -11.851004261287645
f(-0.8181934125983823) = -11.807451940066528
f(-0.4298586689110253) = -8.183442430668913
f(-0.3523275114715019) = -7.812032934383372
f(-0.0357759083395397) = -7.038557059091397
f(0.017449673577553337) = -6.983133627817758
f(0.5290096774879465) = -6.3148037734590945
f(0.8211010511234629) = -4.848557205736884
